# Consumo de energia total de electricidad (en miles de Tep)
# desde enero de 1992 hasta junio de 2005
electricidad
1113
1015
997
913
918
880
978
871
927
939
930
979
1061
976
1018
896
909
919
975
882
920
949
985
1021
1072
994
991
952
959
984
1056
958
984
978
1002
1074
1139
989
1087
973
1020
1024
1081
994
1011
1019
1034
1087
1133
1106
1109
986
1032
1030
1116
1007
1021
1064
1086
1132
1206
1027
1063
1064
1081
1078
1142
1074
1126
1133
1137
1214
1245
1126
1185
1130
1133
1164
1263
1150
1176
1187
1212
1317
1333
1236
1276
1167
1219
1252
1352
1228
1251
1248
1343
1404
1471
1298
1358
1261
1296
1337
1381
1309
1335
1331
1403
1427
1529
1381
1446
1310
1405
1436
1490
1419
1394
1415
1492
1573
1616
1424
1483
1433
1450
1463
1555
1406
1434
1492
1497
1552
1691
1570
1554
1438
1499
1596
1695
1589
1542
1585
1587
1691
1710
1635
1724
1538
1565
1633
1742
1610
1633
1609
1677
1762
1879
1761
1768
1601
1609
1723